0.000000000000000000e+00 0.000000000000000000e+00 0.000000000000000000e+00
0.000000000000000000e+00 0.000000000000000000e+00 0.000000000000000000e+00
-1.408000000000000140e+00 -6.922465013009452939e+00 -1.991680000000000339e+00
-1.454681147374759931e+01 -1.341210921859930316e+01 -1.358576176358670118e+01
-1.489272701767749574e+01 -1.479319416597682135e+01 -1.334257555039151910e+01
-1.453770626954394452e+01 -1.471122814583477378e+01 -1.522485823528678850e+01
-1.483022055955140139e+01 -1.489224424830827687e+01 -1.466855579874378535e+01
-1.537750557818086961e+01 -1.538984760149193853e+01 -1.240778015521782862e+01
-1.478420558745592928e+01 -1.450099578802597300e+01 -7.702190206501127179e+00
-1.050397228698820484e+01 -1.330328119009652710e+01 -1.344855038571708228e+01
0.000000000000000000e+00 0.000000000000000000e+00 0.000000000000000000e+00
0.000000000000000000e+00 0.000000000000000000e+00 0.000000000000000000e+00
0.000000000000000000e+00 0.000000000000000000e+00 0.000000000000000000e+00
0.000000000000000000e+00 0.000000000000000000e+00 0.000000000000000000e+00
0.000000000000000000e+00 0.000000000000000000e+00 0.000000000000000000e+00
-8.000000000000000444e-01 0.000000000000000000e+00 -8.000000000000000444e-01
-1.191213667967925893e+01 -1.268061309810239301e+01 -1.106101304447604861e+01
-1.469431012901909384e+01 -1.385844309556137510e+01 -1.462513874553136795e+01
-1.505160325001681976e+01 -1.531390224981148940e+01 -1.519384347532382407e+01
-1.614917550897630960e+01 -1.614296214688538811e+01 -1.603448544155045852e+01
-1.619778556912691414e+01 -1.620982816062301879e+01 -1.619677797538643205e+01
-1.641743762071877200e+01 -1.613524601644766321e+01 -1.630605834506217633e+01
-1.581781035412181069e+01 -1.603474765267445079e+01 -1.587493480075784547e+01
-1.395200342648583813e+01 -1.292698883994219017e+01 -1.404545666041369678e+01
0.000000000000000000e+00 0.000000000000000000e+00 -1.002341580626266904e+01
0.000000000000000000e+00 0.000000000000000000e+00 0.000000000000000000e+00
0.000000000000000000e+00 0.000000000000000000e+00 0.000000000000000000e+00
0.000000000000000000e+00 0.000000000000000000e+00 0.000000000000000000e+00
0.000000000000000000e+00 0.000000000000000000e+00 0.000000000000000000e+00
-8.000000000000000444e-01 -1.930630459149585754e+00 -2.613152295747929621e+00
-1.467478019794018174e+01 -1.464253495162446939e+01 -1.434141559965462953e+01
-1.455621404552217157e+01 -1.546165758743460472e+01 -1.525027401431077934e+01
-1.672979718978800889e+01 -1.686997710542268081e+01 -1.682803143481668684e+01
-1.712868036074019784e+01 -1.701062371959675090e+01 -1.648762677580437952e+01
-1.715630966549089820e+01 -1.629173537626411417e+01 -1.706297419589729003e+01
-1.715035115477907013e+01 -1.589173946008186356e+01 -1.715238226229067564e+01
-1.658290088468955048e+01 -1.653494437660747352e+01 -1.552616313589206598e+01
-1.679783299580338607e+01 -1.540253343355754012e+01 -1.624143566983812903e+01
-1.531076770521367969e+01 -1.046762387656054472e+01 -1.331333325590016514e+01
0.000000000000000000e+00 0.000000000000000000e+00 0.000000000000000000e+00
0.000000000000000000e+00 0.000000000000000000e+00 0.000000000000000000e+00
0.000000000000000000e+00 0.000000000000000000e+00 0.000000000000000000e+00
0.000000000000000000e+00 0.000000000000000000e+00 0.000000000000000000e+00
-1.013581812745975874e+01 -1.118204664034929507e+01 -9.528556859461653872e+00
-1.459841569380691695e+01 -1.377490874286583988e+01 -1.511501086095781687e+01
-1.650323332630514273e+01 -1.678893879330686900e+01 -1.657089428072735515e+01
-1.706727348855820026e+01 -1.680465752111206612e+01 -1.751624044236871214e+01
-1.772342155676358999e+01 -1.784585020584842141e+01 -1.758767870225171848e+01
-1.797458801326320099e+01 -1.795057156692661948e+01 -1.646469807578501943e+01
-1.802796771432829814e+01 -1.815436375907019340e+01 -1.648324060380079814e+01
-1.667041583805992033e+01 -1.783875315471162537e+01 -1.729668707629170399e+01
-1.730247885716301326e+01 -1.722622049476102291e+01 -1.354811179403175814e+01
-1.607137278067032682e+01 -1.587142889597969742e+01 -1.599221200088253525e+01
-9.700680593611089364e+00 -9.816690245850343999e+00 -1.176076902809471214e+01
0.000000000000000000e+00 0.000000000000000000e+00 0.000000000000000000e+00
0.000000000000000000e+00 0.000000000000000000e+00 0.000000000000000000e+00
0.000000000000000000e+00 0.000000000000000000e+00 0.000000000000000000e+00
-8.766600158511311136e+00 -1.054013916215493829e+01 -9.961939294887805829e+00
-1.339209839165189031e+01 -1.511744400065008165e+01 -1.539108216113396210e+01
-1.670863065313928075e+01 -1.760822485140527149e+01 -1.705378449188055967e+01
-1.700864694390745768e+01 -1.828695703225633551e+01 -1.795964410089914409e+01
-1.840618475616716765e+01 -1.803143796837466795e+01 -1.844877541775130680e+01
-1.862251383681725514e+01 -1.865161165150734135e+01 -1.743916729029104218e+01
-1.850660766236679322e+01 -1.850090556997482238e+01 -1.737827398907131382e+01
-1.825939085813169172e+01 -1.810930257871897453e+01 -1.777050957719738022e+01
-1.643429239653265483e+01 -1.745878670430091972e+01 -1.779565226578752757e+01
-1.556516912155599286e+01 -1.668565147670117099e+01 -1.671832881686778549e+01
-1.225427967720343503e+01 -1.342206853209919615e+01 -1.365350156017060002e+01
0.000000000000000000e+00 0.000000000000000000e+00 0.000000000000000000e+00
0.000000000000000000e+00 0.000000000000000000e+00 0.000000000000000000e+00
0.000000000000000000e+00 0.000000000000000000e+00 0.000000000000000000e+00
-7.690300536817725074e+00 -1.046031807558032689e+01 -1.129484812866082599e+01
-1.392181188785438195e+01 -1.504825280549447086e+01 -1.513317168814520208e+01
-1.722417591220215627e+01 -1.699986942266573564e+01 -1.758827738400296781e+01
-1.830029190676166806e+01 -1.859438864701976257e+01 -1.777859448007732723e+01
-1.876853146248837589e+01 -1.876858811384555992e+01 -1.781166391469952259e+01
-1.767667763118786439e+01 -1.927090566680302430e+01 -1.926044204667362436e+01
-1.931800207467387764e+01 -1.792281003138893780e+01 -1.932782861422197840e+01
-1.842935358698968074e+01 -1.846427672862624192e+01 -1.788301936888675669e+01
-1.786370678628732023e+01 -1.794408389285180050e+01 -1.743571658306284178e+01
-1.684642653420126024e+01 -1.472007673154758933e+01 -1.680259057395013045e+01
-3.537675637588684197e+00 -1.380901165656450758e+01 -1.376961007468549525e+01
0.000000000000000000e+00 -3.374802452244070494e+00 0.000000000000000000e+00
0.000000000000000000e+00 0.000000000000000000e+00 0.000000000000000000e+00
0.000000000000000000e+00 0.000000000000000000e+00 0.000000000000000000e+00
-7.716172161011644270e+00 -7.446961732812829027e+00 -7.775359554799412543e+00
-1.529275843644255772e+01 -1.484966593778797872e+01 -1.579324024660684067e+01
-1.721729508063503289e+01 -1.715368281271911854e+01 -1.720254573798122166e+01
-1.828317595508713822e+01 -1.744396437495316832e+01 -1.867046957144626163e+01
-1.784586357804788292e+01 -1.899147766582638042e+01 -1.894856798077524118e+01
-1.827185955506128323e+01 -1.949779581189233824e+01 -1.954935072219166514e+01
-1.945556717615867370e+01 -1.950529596931525589e+01 -1.774114427948504868e+01
-1.834027918943580460e+01 -1.827438691065640342e+01 -1.663116553788027829e+01
-1.798349878505083765e+01 -1.795514126620760820e+01 -1.809329723318315786e+01
-1.712452673144290927e+01 -1.703578194863117901e+01 -1.449311380611750266e+01
-1.589126785889646065e+01 -1.577393990054914674e+01 -1.444118667965441283e+01
-3.560753790975999866e+00 -4.083983138815999503e+00 -4.052382044939878192e+00
0.000000000000000000e+00 0.000000000000000000e+00 0.000000000000000000e+00
0.000000000000000000e+00 0.000000000000000000e+00 0.000000000000000000e+00
-7.883566416294939927e+00 -7.937082080016420349e+00 -8.083484603094229115e+00
-1.525401841086752341e+01 -1.511793323111270126e+01 -1.511258144927249525e+01
-1.723516138232155370e+01 -1.723900970069052363e+01 -1.720703998833777604e+01
-1.819820438028542497e+01 -1.823987722877798845e+01 -1.818964795503253384e+01
-1.812385508063898953e+01 -1.885214256781292974e+01 -1.882150003392965587e+01
-1.847635285889948520e+01 -1.949512167823019837e+01 -1.951828857670793838e+01
-1.836543365129031002e+01 -1.948755331832191118e+01 -1.949226914081738471e+01
-1.849860551676852083e+01 -1.852543929841401393e+01 -1.772818059946420277e+01
-1.818809542867478513e+01 -1.815585818768936122e+01 -1.824812639782232893e+01
-1.703730733512905715e+01 -1.711629948142424595e+01 -1.685504330052618016e+01
-1.590922403378524841e+01 -1.492148111929424203e+01 -1.436035557846759403e+01
-6.577327323532974113e+00 -4.811414483012679710e+00 -4.157141363577375515e+00
0.000000000000000000e+00 0.000000000000000000e+00 0.000000000000000000e+00
0.000000000000000000e+00 0.000000000000000000e+00 0.000000000000000000e+00
-7.229766544556294861e+00 -7.853547113400066948e+00 -7.737459916914405156e+00
-1.492407246893565009e+01 -1.509876289270717642e+01 -1.500491089532245681e+01
-1.716716589717400865e+01 -1.717803839794492049e+01 -1.706303407226147684e+01
-1.714579325587402536e+01 -1.790276565773278961e+01 -1.771228035263025191e+01
-1.714213529902233546e+01 -1.879647637844478680e+01 -1.879656732405971553e+01
-1.851280651942772693e+01 -1.870501807932354765e+01 -1.854303709615440710e+01
-1.817941400911757910e+01 -1.820631660379828531e+01 -1.740104643998550671e+01
-1.820593455733645172e+01 -1.705606492962607490e+01 -1.821942714594119650e+01
-1.823840182655917985e+01 -1.730887204385142653e+01 -1.820727089528175213e+01
-1.729219455478663647e+01 -1.717494541374204431e+01 -1.666451667809401371e+01
-1.483333324030257039e+01 -1.606240162854629716e+01 -1.429802769254237127e+01
-5.423459925781152435e+00 -6.661545449770748917e+00 -4.208049312696683586e+00
0.000000000000000000e+00 0.000000000000000000e+00 0.000000000000000000e+00
0.000000000000000000e+00 0.000000000000000000e+00 0.000000000000000000e+00
-2.712012800000000112e+00 -3.249932288000000113e+00 -4.036670996479999829e+00
-1.444710200709136494e+01 -1.331059496279530308e+01 -1.416936561994005217e+01
-1.258667436901380476e+01 -1.655325490845942227e+01 -1.654198246607675316e+01
-1.741798978201857295e+01 -1.768650957694380565e+01 -1.727603534996588763e+01
-1.738921773692698025e+01 -1.812156486181387294e+01 -1.795615803197134852e+01
-1.838174791336726699e+01 -1.704417448220997855e+01 -1.831401242644521687e+01
-1.703449433379138256e+01 -1.830685354936577980e+01 -1.837355049439077703e+01
-1.803205640143215760e+01 -1.803512786766535214e+01 -1.724588105469803523e+01
-1.760836533564689432e+01 -1.635091240826097447e+01 -1.762644088611360615e+01
-1.597740658493831845e+01 -1.685534578233458447e+01 -1.692785909306558167e+01
-1.541839543838978699e+01 -1.485613043967859248e+01 -1.477890729329071107e+01
-6.677975311425391247e+00 -3.063502166444424635e+00 -1.173811200000000055e+00
0.000000000000000000e+00 0.000000000000000000e+00 0.000000000000000000e+00
0.000000000000000000e+00 0.000000000000000000e+00 0.000000000000000000e+00
0.000000000000000000e+00 0.000000000000000000e+00 0.000000000000000000e+00
-9.049278208003448398e+00 -8.904777148849335688e+00 -8.520756560574529459e+00
-1.375681059038602427e+01 -1.553571833020258097e+01 -1.613584725025897271e+01
-1.479560476881466613e+01 -1.644198806401552559e+01 -1.674383311208201519e+01
-1.748390638778291617e+01 -1.712108970567629740e+01 -1.746571570971531884e+01
-1.681061607556914339e+01 -1.760850711784739886e+01 -1.758368339682323622e+01
-1.744314648280325031e+01 -1.755222210761618484e+01 -1.761804312904769887e+01
-1.727346561309077444e+01 -1.753694917235645079e+01 -1.758349386625582866e+01
-1.560957554525670332e+01 -1.704631931945434431e+01 -1.706784849401672233e+01
-1.626102515451406205e+01 -1.547445024113013190e+01 -1.604657593875394994e+01
-1.310431572420464441e+01 -1.276190706367832917e+01 -1.359530600621350871e+01
-4.720279679409979501e+00 0.000000000000000000e+00 -4.148857534143657766e+00
0.000000000000000000e+00 0.000000000000000000e+00 0.000000000000000000e+00
0.000000000000000000e+00 0.000000000000000000e+00 0.000000000000000000e+00
0.000000000000000000e+00 0.000000000000000000e+00 0.000000000000000000e+00
-4.090896431316372706e+00 -6.366539361333209968e+00 -6.366539361333209968e+00
-1.238119872251456144e+01 -9.435287548466749996e+00 -1.146803870406184700e+01
-1.633081152203700981e+01 -1.269886474709231905e+01 -1.620348341985612350e+01
-1.570099592806148436e+01 -1.598662034538637933e+01 -1.612802455488048281e+01
-1.568270089958216573e+01 -1.697629797822383324e+01 -1.708128233078760516e+01
-1.692707418271561082e+01 -1.515322838328640387e+01 -1.694649698605922694e+01
-1.558998342031114959e+01 -1.677400136871713698e+01 -1.673669681381440455e+01
-1.613174107533021129e+01 -1.646495850205790390e+01 -1.559655500744146117e+01
-1.319015815686635129e+01 -1.313347394152531322e+01 -1.377916312451106151e+01
-6.739081330169490514e+00 -9.281564472296610191e+00 -8.024769247664652383e+00
0.000000000000000000e+00 0.000000000000000000e+00 0.000000000000000000e+00
0.000000000000000000e+00 0.000000000000000000e+00 0.000000000000000000e+00
0.000000000000000000e+00 0.000000000000000000e+00 0.000000000000000000e+00
0.000000000000000000e+00 0.000000000000000000e+00 0.000000000000000000e+00
-8.000000000000000444e-01 0.000000000000000000e+00 0.000000000000000000e+00
-8.627398331560758749e+00 -8.603891081839579513e+00 -7.271063001198873721e+00
-1.151302482149663753e+01 -1.414445408542673022e+01 -1.270173396598455895e+01
-1.539930299360103660e+01 -1.490338381217796737e+01 -1.568974036806030625e+01
-1.584595224998636454e+01 -1.653860404794646044e+01 -1.496564227159446681e+01
-1.512839786654131125e+01 -1.507667702827462719e+01 -1.507335695208105619e+01
-1.468137704845485736e+01 -1.469673094180717499e+01 -1.361819213366707260e+01
-1.233182786306083578e+01 -1.389537081920032335e+01 -1.297616914340569316e+01
-1.150864305873718330e+01 -9.979460827733984019e+00 -9.794178519449207698e+00
-2.068416319324159591e+00 0.000000000000000000e+00 -8.000000000000000444e-01
0.000000000000000000e+00 0.000000000000000000e+00 0.000000000000000000e+00
0.000000000000000000e+00 0.000000000000000000e+00 0.000000000000000000e+00
0.000000000000000000e+00 0.000000000000000000e+00 0.000000000000000000e+00
0.000000000000000000e+00 0.000000000000000000e+00 0.000000000000000000e+00
0.000000000000000000e+00 0.000000000000000000e+00 0.000000000000000000e+00
0.000000000000000000e+00 -2.981116119891100702e+00 0.000000000000000000e+00
-1.020222920998033977e+01 -9.319420315526301124e+00 -9.574921828037432192e+00
-1.275670604202150393e+01 -1.227705257765802216e+01 -1.109955606225488900e+01
-1.373463937019499959e+01 -1.231814029566379354e+01 -1.236575027371795343e+01
-1.266506281157654890e+01 -1.208113919998893238e+01 -1.262716865984919501e+01
-1.190654918410496599e+01 -1.166231705886583292e+01 -8.946970734269944714e+00
-9.154903897713495553e+00 -9.736008681951789256e+00 -1.055618309181217818e+01
-7.318838157165786562e+00 -4.602728986921813537e+00 -2.573323965488988119e+00
0.000000000000000000e+00 0.000000000000000000e+00 0.000000000000000000e+00
0.000000000000000000e+00 0.000000000000000000e+00 0.000000000000000000e+00
0.000000000000000000e+00 0.000000000000000000e+00 0.000000000000000000e+00
0.000000000000000000e+00 0.000000000000000000e+00 0.000000000000000000e+00
0.000000000000000000e+00 0.000000000000000000e+00 0.000000000000000000e+00
0.000000000000000000e+00 0.000000000000000000e+00 0.000000000000000000e+00
0.000000000000000000e+00 0.000000000000000000e+00 0.000000000000000000e+00
0.000000000000000000e+00 -8.000000000000000444e-01 -2.552012799999999970e+00
-8.013933722460816256e+00 -7.418169415638612207e+00 -7.436981758760175865e+00
-8.169977382631776308e+00 -1.005489805477253817e+01 -9.257726230773624110e+00
-8.478461929234692107e+00 -8.263409380060121379e+00 -8.706533752897726686e+00
-7.726905684964838095e+00 -7.706840242966078947e+00 -8.083178163534354255e+00
-3.725968290611199052e+00 -3.692546047999999637e+00 -2.102424363361894422e+00
0.000000000000000000e+00 0.000000000000000000e+00 0.000000000000000000e+00
0.000000000000000000e+00 0.000000000000000000e+00 0.000000000000000000e+00
0.000000000000000000e+00 0.000000000000000000e+00 0.000000000000000000e+00
0.000000000000000000e+00 0.000000000000000000e+00 0.000000000000000000e+00
0.000000000000000000e+00 0.000000000000000000e+00 0.000000000000000000e+00
0.000000000000000000e+00 0.000000000000000000e+00 0.000000000000000000e+00
0.000000000000000000e+00 0.000000000000000000e+00 0.000000000000000000e+00
0.000000000000000000e+00 0.000000000000000000e+00 0.000000000000000000e+00
0.000000000000000000e+00 0.000000000000000000e+00 0.000000000000000000e+00
-8.000000000000000444e-01 -8.000000000000000444e-01 -2.824079359999999816e+00
-1.113599999999999923e+00 -1.568000000000000060e+00 -1.568000000000000060e+00
-1.261055999999999955e+00 -2.305280000000000218e+00 -2.305280000000000218e+00
-2.263388651520000128e+00 -2.716928000000000232e+00 -3.013068800000000103e+00
-2.599168000000000145e+00 -1.713919999999999888e+00 -1.568000000000000060e+00
0.000000000000000000e+00 0.000000000000000000e+00 0.000000000000000000e+00
0.000000000000000000e+00 0.000000000000000000e+00 0.000000000000000000e+00
0.000000000000000000e+00 0.000000000000000000e+00 0.000000000000000000e+00
0.000000000000000000e+00 0.000000000000000000e+00 0.000000000000000000e+00
0.000000000000000000e+00 0.000000000000000000e+00 0.000000000000000000e+00
0.000000000000000000e+00 0.000000000000000000e+00 0.000000000000000000e+00
0.000000000000000000e+00 0.000000000000000000e+00 0.000000000000000000e+00
0.000000000000000000e+00 0.000000000000000000e+00 0.000000000000000000e+00
0.000000000000000000e+00 0.000000000000000000e+00 0.000000000000000000e+00
0.000000000000000000e+00 0.000000000000000000e+00 0.000000000000000000e+00
0.000000000000000000e+00 0.000000000000000000e+00 0.000000000000000000e+00
0.000000000000000000e+00 0.000000000000000000e+00 0.000000000000000000e+00
-3.692546047999999637e+00 -1.538509209599999927e+00 -4.133236944137093083e+00
0.000000000000000000e+00 0.000000000000000000e+00 0.000000000000000000e+00
0.000000000000000000e+00 0.000000000000000000e+00 0.000000000000000000e+00
0.000000000000000000e+00 0.000000000000000000e+00 0.000000000000000000e+00
0.000000000000000000e+00 0.000000000000000000e+00 0.000000000000000000e+00
0.000000000000000000e+00 0.000000000000000000e+00 0.000000000000000000e+00
0.000000000000000000e+00 0.000000000000000000e+00 0.000000000000000000e+00
0.000000000000000000e+00 0.000000000000000000e+00 0.000000000000000000e+00
0.000000000000000000e+00 0.000000000000000000e+00 0.000000000000000000e+00
0.000000000000000000e+00 0.000000000000000000e+00 0.000000000000000000e+00
0.000000000000000000e+00 0.000000000000000000e+00 0.000000000000000000e+00
0.000000000000000000e+00 0.000000000000000000e+00 0.000000000000000000e+00
0.000000000000000000e+00 0.000000000000000000e+00 0.000000000000000000e+00
0.000000000000000000e+00 0.000000000000000000e+00 0.000000000000000000e+00
0.000000000000000000e+00 0.000000000000000000e+00 0.000000000000000000e+00
0.000000000000000000e+00 0.000000000000000000e+00 0.000000000000000000e+00
0.000000000000000000e+00 0.000000000000000000e+00 0.000000000000000000e+00
0.000000000000000000e+00 0.000000000000000000e+00 0.000000000000000000e+00
0.000000000000000000e+00 0.000000000000000000e+00 0.000000000000000000e+00
0.000000000000000000e+00 0.000000000000000000e+00 0.000000000000000000e+00
